BONUS-All size test
TEST 2 ARG:1 0
TEST 4 ARG:2 3 0 1
TEST 5 ARG:1 4 0 2 3
TEST 6 ARG:3 0 1 5 4 2
TEST 7 ARG:3 6 2 4 0 5 1
TEST 8 ARG:4 5 7 1 3 6 2 0
TEST 9 ARG:2 8 3 0 7 5 4 6 1
TEST 10 ARG:9 7 6 5 8 0 1 3 4 2
TEST 11 ARG:3 0 8 1 6 7 9 4 2 10 5
TEST 12 ARG:11 10 7 9 2 3 8 4 6 1 0 5
TEST 13 ARG:5 1 12 3 7 8 4 6 10 2 0 11 9
TEST 14 ARG:8 6 7 1 5 10 11 4 2 0 9 3 13 12
TEST 15 ARG:5 14 0 8 11 7 4 2 9 12 6 10 13 1 3
TEST 16 ARG:6 7 11 15 13 0 5 3 10 1 2 8 14 4 12 9
TEST 17 ARG:0 8 16 11 7 3 5 12 10 13 9 1 6 4 14 15 2
TEST 18 ARG:0 3 11 6 2 9 1 7 13 14 5 15 8 17 12 4 10 16
TEST 19 ARG:11 1 0 14 10 9 5 6 15 3 13 2 17 16 7 12 4 8 18
TEST 20 ARG:5 17 19 8 12 11 0 10 6 2 7 3 1 14 4 9 18 16 13 15
TEST 21 ARG:12 8 18 7 14 10 20 1 17 2 5 16 15 19 11 13 0 6 9 3 4
TEST 22 ARG:3 4 15 19 16 8 20 21 6 1 5 0 13 12 14 10 17 18 9 7 2 11
TEST 23 ARG:2 17 12 9 0 3 18 14 11 19 4 21 15 20 16 13 1 22 8 7 6 10 5
TEST 24 ARG:21 0 15 23 19 11 3 20 22 12 17 14 9 1 8 6 16 18 2 7 4 10 13 5
TEST 25 ARG:22 6 23 1 3 20 21 15 14 12 17 0 2 4 16 9 18 8 24 5 11 19 7 10 13
TEST 26 ARG:8 19 10 0 24 18 22 6 12 1 7 5 9 17 16 3 14 20 23 15 13 21 25 4 11 2
TEST 27 ARG:25 9 3 7 14 24 8 4 13 26 22 10 12 11 0 23 15 5 20 6 2 17 21 16 18 1 19
TEST 28 ARG:21 26 13 23 0 24 1 11 12 6 5 20 10 25 19 22 27 4 18 17 8 9 3 16 14 7 2 15
TEST 29 ARG:8 4 17 26 5 16 13 27 10 28 22 3 21 20 9 1 0 7 19 23 15 6 24 14 12 2 25 18 11
